7,7,0
6,6,1 6,7,1 6,8,1 7,6,1 7,8,1 8,6,1 8,7,1 8,8,1
7,7,0 6,6,1
6,8,0 8,6,0
7,7,0 8,8,1
6,8,0 8,6,0
7,7,0 8,6,1
6,6,0 8,8,0
7,7,0 6,8,1
6,6,0 8,8,0
7,7,0 6,6,1 6,8,0
8,6,1
7,7,0 6,6,1 8,6,0
6,8,1
7,7,0 8,8,1 8,6,0
6,8,1
7,7,0 8,8,1 6,8,0
8,6,1
7,7,0 8,6,1 8,8,0
6,6,1
7,7,0 8,6,1 6,6,0
8,8,1
7,7,0 6,8,1 8,8,0
6,6,1
7,7,0 6,8,1 6,6,0
8,8,1
7,7,0 6,6,0 8,8,1 6,8,1
5,6,0 5,7,0
7,7,0 8,6,0 8,8,1 6,8,1
9,6,0 9,7,0
7,7,0 6,8,0 6,6,1 8,6,1
5,8,0 5,7,0
7,7,0 8,8,0 6,6,1 8,6,1
9,8,0 9,7,0
7,7,0 6,6,0 8,8,1 8,6,1
7,5,0 6,5,0
7,7,0 8,6,0 6,6,1 6,8,1
7,5,0 8,5,0
7,7,0 6,8,0 8,8,1 8,6,1
6,9,0 7,9,0
7,7,0 8,8,0 6,6,1 6,8,1
7,9,0 8,9,0
7,7,0 6,6,0 5,5,0 8,8,1 6,8,1
8,9,1
7,7,0 8,6,0 9,5,0 8,8,1 6,8,1
6,9,1
7,7,0 6,8,0 5,9,0 6,6,1 8,6,1
8,5,1
7,7,0 8,8,0 9,9,0 6,6,1 8,6,1
6,5,1
7,7,0 6,6,0 5,7,0 8,8,1 6,8,1
5,6,1 
7,7,0 8,6,0 9,7,0 8,8,1 6,8,1
9,6,1
7,7,0 6,8,0 5,7,0 6,6,1 8,6,1
5,8,1
7,7,0 8,8,0 9,7,0 6,6,1 8,6,1
9,8,1
7,7,0 6,6,0 7,5,0 8,8,1 8,6,1
6,5,1
7,7,0 8,6,0 7,5,0 6,6,1 6,8,1
8,5,1
7,7,0 6,8,0 7,9,0 8,8,1 8,6,1
6,9,1
7,7,0 8,8,0 7,9,0 6,6,1 6,8,1
8,9,1
7,7,0 6,6,0 5,6,0 8,8,1 6,8,1
4,6,1
7,7,0 8,6,0 9,6,0 8,8,1 6,8,1
10,6,1
7,7,0 6,8,0 5,8,0 6,6,1 8,6,1
4,8,1
7,7,0 8,8,0 9,8,0 6,6,1 8,6,1
10,8,1
7,7,0 6,6,0 6,5,0 8,8,1 8,6,1
6,4,1
7,7,0 8,6,0 8,5,0 6,6,1 6,8,1
8,4,1
7,7,0 6,8,0 6,9,0 8,8,1 8,6,1
6,10,1
7,7,0 8,8,0 8,9,0 6,6,1 6,8,1
8,10,1
7,7,0 8,8,0 9,7,0 6,6,1 8,6,1 10,6,1
7,8,0 9,8,0
7,7,0 6,8,0 5,7,0 6,6,1 8,6,1 4,6,1
7,8,0 5,8,0
7,7,0 6,6,0 5,7,0 6,8,1 8,8,1 4,8,1
7,6,0 5,6,0
7,7,0 8,6,0 9,7,0 6,8,1 8,8,1 10,8,1
7,6,0 9,6,0
7,7,0 6,6,0 7,5,0 8,4,1 8,6,1 8,8,1
6,7,0 6,5,0
7,7,0 6,8,0 7,9,0 8,10,1 8,6,1 8,8,1
6,7,0 6,9,0
7,7,0 8,6,0 7,5,0 6,4,1 6,6,1 6,8,1
8,7,0 8,5,0
7,7,0 8,8,0 7,9,0 6,10,1 6,6,1 6,8,1
8,7,0 8,9,0
7,7,0 6,6,0 5,6,0 8,8,1 6,8,1 4,6,1
7,8,0
7,7,0 8,6,0 9,6,0 8,8,1 6,8,1 10,6,1
7,8,0
7,7,0 6,8,0 5,8,0 6,6,1 8,6,1 4,8,1
7,6,0
7,7,0 8,8,0 9,8,0 6,6,1 8,6,1 10,8,1
7,6,0
7,7,0 6,6,0 6,5,0 8,8,1 8,6,1 6,4,1
8,7,0
7,7,0 8,6,0 8,5,0 6,6,1 6,8,1 8,4,1
6,7,0
7,7,0 6,8,0 6,9,0 8,8,1 8,6,1 6,10,1
8,7,0
7,7,0 8,8,0 8,9,0 6,6,1 6,8,1 8,10,1
6,7,0
7,7,0 6,7,1
6,6,0 6,8,0
7,7,0 8,7,1
8,6,0 8,8,0
7,7,0 7,6,1
6,6,0 8,6,0
7,7,0 7,8,1
6,8,0 8,8,0
7,7,0 6,7,1 6,8,0
7,8,1 8,8,1
7,7,0 6,7,1 6,6,0
7,6,1 8,6,1
7,7,0 8,7,1 8,8,0
7,8,1 6,8,1
7,7,0 8,7,1 8,6,0
7,6,1 6,6,1
7,7,0 7,6,1 8,6,0
8,7,1 8,8,1
7,7,0 7,6,1 6,6,0
6,7,1 6,8,1
7,7,0 7,8,1 8,8,0
8,7,1 8,6,1
7,7,0 7,8,1 6,8,0
6,7,1 6,6,1